p res sp ss Dijkstra
f ch9-1.1/inputs/USA-road-d/USA-road-d.BAY.gr ch9-1.1/inputs/USA-road-d/USA-road-d.BAY.p2p
g 321270 794830 1 94305
d 394 110662 1815851
d 230772 162206 710207
d 257653 127629 1732610
d 74633 284768 1148619
d 161415 11562 275668
d 237212 249905 79579
d 36421 16817 282912
d 135791 122024 172782
d 18229 118727 1682851
d 318090 30097 1481069
d 105303 34244 1062409
d 273038 261438 1723736
d 31394 31942 180724
d 160686 198817 255746
d 3310 2355 474238
d 18849 252116 576683
d 230032 185894 1131734
d 210888 79321 2361513
d 188030 190992 984420
d 22357 98790 1862225
d 50929 130493 1171144
d 2124 59574 412958
d 135041 256762 1939546
d 30372 86870 1063270
d 304287 126640 1519686
d 312899 281844 1753995
d 312233 217705 978904
d 119249 82136 1607707
d 115941 181653 1103491
d 122288 107571 288650
d 293585 214287 1472588
d 311679 180468 659945
d 195573 302021 984211
d 123986 157803 432038
d 267755 165223 1105715
d 111871 298864 1552543
d 3016 64043 374948
d 262531 73004 1278072
d 207089 216170 771597
d 159277 56708 1268006
d 285776 296758 443614
d 289508 103082 509523
d 110336 28320 2195583
d 243610 208672 645969
d 229603 319932 1624224
d 27937 219266 224302
d 35378 64484 490887
d 256738 66495 659444
d 55837 298896 832850
d 319064 286197 1121369
d 15291 219651 475234
d 229866 57845 843856
d 177866 111523 1115766
d 163227 71606 383708
d 12841 289527 1007565
d 5890 200665 542996
d 243887 173494 1219128
d 233527 27272 315948
d 100221 104467 472581
d 14480 2447 401006
d 245176 35229 529215
d 230315 319124 1610815
d 88598 58024 720043
d 123776 116218 464797
d 32570 297671 1091214
d 22416 9629 188205
d 52360 129267 1084981
d 22227 274887 963895
d 86126 86783 564211
d 263724 186 1103468
d 242872 186835 1189059
d 190829 216577 877369
d 164907 272908 694024
d 190841 116768 2321570
d 82832 306992 2477384
d 110494 25731 2047574
d 190956 177717 1344082
d 245759 116537 2379319
d 311195 209746 1723387
d 192296 172847 1367147
d 158173 63834 1283099
d 8861 224953 974069
d 312613 109990 664847
d 37510 263452 650253
d 310990 82100 2506680
d 319222 163979 1234563
d 156036 50295 1169218
d 75489 27651 791191
d 33220 161299 967873
d 115813 117503 282254
d 273114 83243 1054321
d 168339 10357 470502
d 208981 270555 647441
d 237996 170610 1019397
d 141899 227878 1998827
d 100125 107863 1339755
d 29693 18016 221884
d 148977 228784 2032240
d 284591 109067 1887810
d 256331 253555 71008
d 260848 28563 519453
d 170107 31431 978423
d 22690 66302 234701
d 20237 229409 534552
d 210901 189489 1073837
d 137380 187186 1289716
d 130525 257981 2018038
d 906 150812 1499250
d 158120 259550 2117034
d 229129 216682 518308
d 213289 200899 644868
d 35515 42691 598381
d 14821 199946 488345
d 24705 238403 485665
d 164536 281427 944464
d 22557 230779 424149
d 144878 141200 304422
d 45387 301121 780681
d 180774 18453 965206
d 104871 198619 848225
d 136925 296776 1437005
d 118616 108771 109570
d 107317 307695 1314914
d 48647 99498 1566612
d 307723 15178 1073613
d 89960 194773 812979
d 15497 20662 400235
d 78179 240308 2160672
d 215254 237641 269586
d 203811 229367 540469
d 188251 242436 879319
d 179445 91743 1280282
d 264283 160598 936452
d 119430 40469 1293128
d 78091 227287 2060816
d 291031 129013 1400400
d 4387 221700 704054
d 276729 41242 697690
d 49847 274506 612689
d 260991 1293 297807
d 69770 281584 1397257
d 149013 285365 1677087
d 124201 272564 670517
d 98795 184900 2359306
d 239526 161176 860207
d 157329 69480 719418
d 230269 149136 1987025
d 182190 312847 1320004
d 28675 121812 1403732
d 125169 301283 1362270
d 31576 182151 767564
d 259573 86469 1481851
d 114800 316445 884319
d 132704 76937 921641
d 196398 91089 484019
d 138583 194102 2018255
d 70464 92861 734962
d 10723 113134 1669436
d 157996 255615 1796465
d 56313 222886 761613
d 267180 294064 983208
d 48555 145974 1203913
d 152227 236624 2142078
d 306860 80238 2637114
d 70982 241037 948526
d 148224 236920 1798607
d 81331 166153 1640344
d 47352 99531 1639725
d 318978 234080 1577300
d 127750 51118 1345866
d 113101 11207 1680410
d 97013 57278 577711
d 11440 134080 1412109
d 241206 170716 927560
d 14967 39727 434806
d 211199 143098 1803624
d 30971 61598 412478
d 128832 76355 1451927
d 97290 255289 907725
d 120803 109555 738985
d 232253 80677 2087370
d 192428 17574 702815
d 276568 251961 1294417
d 37705 160832 492217
d 26420 147055 1534398
d 284300 85693 359687
d 226364 57620 790748
d 136128 23811 1587022
d 191683 320715 1575151
d 14321 161541 304331
d 51337 295438 753962
d 130139 318336 530054
d 54220 53318 45405
d 149652 161350 1729219
d 248690 254626 246784
d 121835 35467 1558841
d 2441 44876 711599
d 283718 102401 735116
d 305212 41806 1271241
d 143988 300053 1262066
d 228902 159816 1886024
d 248727 100104 1560787
d 8334 254343 712539
d 152103 170226 695560
d 104142 110121 1505095
d 195469 205232 275429
d 41542 56716 242703
d 176825 107341 999195
d 163664 111000 1961128
d 236785 278978 1117415
d 213047 304094 1799117
d 281434 169722 1818208
d 292689 225824 1886351
d 309238 241843 1303193
d 234138 276115 1382883
d 274434 246496 1454588
d 309715 3778 1332580
d 233876 56366 770578
d 43937 197532 801036
d 125258 42628 1053354
d 50523 99340 1570134
d 136785 247155 2000761
d 293085 287966 118025
d 187864 103222 1257147
d 257458 28234 398619
d 174370 235635 1267876
d 116699 275469 1201890
d 150362 77879 124692
d 274371 295451 671351
d 73548 298378 1122946
d 271799 46016 282275
d 311338 127019 1514925
d 79803 139110 1577692
d 130593 135089 113450
d 108414 53272 1451955
d 23007 200782 799244
d 152035 250838 2023664
d 231350 81647 2257682
d 257725 243788 264733
d 313495 35960 1466590
d 276284 130776 822408
d 151042 128477 373240
d 41729 168595 728076
d 44812 239470 995651
d 47417 281864 949441
d 53842 154917 1066620
d 35146 50993 424734
d 86474 111041 2123545
d 133522 247463 2094863
d 161613 39296 395863
d 162625 251450 521176
d 221103 179286 1023381
d 129427 47103 1213548
d 106404 149552 196144
d 261265 275467 1687395
d 7234 200089 375075
d 180727 291957 1697024
d 237287 237188 147450
d 211199 177355 1103881
d 261006 205576 583227
d 303021 142279 1741529
d 123394 156561 371207
d 51623 175331 917391
d 155930 127091 145087
d 42089 95311 930864
d 25725 156840 1769698
d 250271 36367 580259
d 33658 94394 457393
d 12955 92225 446931
d 5427 58005 319785
d 87134 393 579306
d 144147 142801 283079
d 95575 113961 1918827
d 39750 284503 1374142
d 156606 13967 1623671
d 85235 161098 1529717
d 105147 220698 1441214
d 259087 318733 1600917
d 195305 218273 1031771
d 1010 132792 1586373
d 6966 37120 150954
d 226823 244276 58610
d 100205 175030 1569450
d 295427 274290 699057
d 15287 180755 1170588
d 58109 123418 1082607
d 36020 26779 49973
d 75340 234699 804267
d 139107 114319 420425
d 299479 153741 1109557
d 240912 222386 381583
d 293952 269528 678070
d 19435 180810 844138
d 180974 68661 617047
d 36842 83301 1646694
d 241253 135104 1968199
d 29672 33908 139512
d 286894 290593 100857
d 200797 24396 844208
d 197637 37234 574544
d 49256 98613 343318
d 169026 315438 1325868
d 124389 5104 1330497
d 59974 179697 782168
d 98032 223028 1294769
d 169332 296368 754614
d 236166 179867 1081870
d 308977 209717 1663769
d 148217 108721 351045
d 12126 287215 981887
d 304051 229693 1523110
d 24631 121471 1651621
d 292637 239232 1595167
d 107695 187488 981740
d 9239 41386 509318
d 103689 276006 278684
d 14900 103987 795387
d 43097 296487 555800
d 152696 234869 1961487
d 239847 86291 1473648
d 72511 248696 984812
d 290567 62588 1029606
d 256699 15262 717448
d 127837 29103 1741676
d 300218 90903 819540
d 191772 101230 1264145
d 152187 298111 1449619
d 36213 62495 689160
d 20295 100576 1097619
d 143991 294419 1504222
d 203069 258189 641114
d 224762 49912 1057202
d 52625 285037 1083996
d 151019 74983 1366121
d 161374 240616 843170
d 172444 84344 1912580
d 3002 225473 848608
d 263514 219754 492010
d 32002 179285 566692
d 121916 225136 1901717
d 206696 34352 843706
d 159839 152694 181050
d 42637 247379 1035006
d 41467 146783 816808
d 121373 313254 454730
d 227703 167654 744722
d 139004 23834 1666890
d 134968 195791 1558433
d 280572 240122 1459359
d 261316 147784 2182966
d 150167 260717 1928833
d 46889 254339 858227
d 167201 158853 1394273
d 311078 181101 409480
d 213894 112455 2118768
d 148159 251727 1800835
d 265917 210860 1006375
d 150020 297160 1547706
d 110031 307816 1648754
d 120410 123512 187797
d 134913 76995 974884
d 95041 111724 1804638
d 317810 136455 159216
d 250534 304035 1380911
d 176833 205004 1372082
d 197451 7424 527234
d 185241 26694 1095544
d 209456 65955 799433
d 237535 294792 1661831
d 227754 64841 715230
d 95756 26608 673096
d 62547 109139 1236346
d 85175 115873 1629382
d 147899 245035 1673353
d 282533 233058 1366173
d 291639 162245 833907
d 242578 96488 767198
d 170906 252335 1325528
d 56477 137684 1388188
d 293310 143452 1473372
d 16039 253681 584981
d 89178 315088 1193746
d 90907 134043 1481105
d 123103 56742 1101654
d 272551 145166 754338
d 272586 33746 788971
d 257491 177729 1183768
d 189664 37623 967881
d 121313 300350 1298548
d 29981 93701 792766
d 67052 259877 718447
d 293230 177927 1551386
d 154841 242064 1672584
d 201026 182789 1408112
d 166433 246632 657345
d 39552 234009 216359
d 23176 303652 1113165
d 278782 225668 1410752
d 171660 61049 652018
d 134347 128681 241421
d 268863 285429 865666
d 311443 288569 2071724
d 16201 39652 114354
d 302617 81809 878520
d 154968 268324 857080
d 80477 268534 1176300
d 87641 81395 1098990
d 2415 30594 194948
d 172022 62910 719495
d 68992 308373 910367
d 196523 62349 739163
d 265749 121742 2067608
d 296683 122437 1302364
d 79032 306193 1742859
d 233758 64184 808923
d 103995 84844 723485
d 40653 17185 1637871
d 260707 269585 1149013
d 123847 109409 386557
d 165389 7722 238403
d 220789 311268 1118141
d 118834 69676 1379387
d 76121 170848 1068310
d 12133 117876 1624244
d 83038 64546 1435573
d 67373 230288 640885
d 39486 299525 1058948
d 196860 299322 996614
d 55138 138529 1392487
d 41256 285056 1342212
d 279648 42763 335265
d 202680 317906 1657549
d 229878 51848 938871
d 65348 118318 1552358
d 270635 79467 1410830
d 191892 54365 1024272
d 298995 50709 604617
d 290103 125488 1321325
d 222225 154923 1239305
d 276186 272060 273573
d 238986 55979 845953
d 141024 112632 96198
d 279708 7582 640697
d 291909 222448 1524171
d 223386 4704 2003013
d 183703 145733 375347
d 144476 31293 1237950
d 176602 240986 1240161
d 110065 95406 1898162
d 14607 62305 533438
d 229040 284158 1789957
d 133493 110309 634751
d 214014 275103 1258093
d 144784 239050 1771013
d 261062 180193 1126567
d 196355 13751 435249
d 143168 188735 524014
d 190840 52729 803838
d 157798 35710 1500179
d 246919 293163 1387755
d 201928 214660 643441
d 123671 227807 1755264
d 162909 231253 789235
d 135536 83033 1499634
d 54786 169196 319253
d 270799 132427 1096542
d 301327 155541 1511808
d 132123 46118 1237075
d 222080 199875 601297
d 24038 177541 992894
d 313753 292934 1213222
d 312093 1525 1045889
d 179770 29378 847001
d 313496 185614 1261461
d 59310 53679 54804
d 86308 260259 1291834
d 224647 186937 1296533
d 310246 174702 483687
d 135488 100389 1190497
d 132313 105271 1134350
d 157170 44474 891072
d 93173 52166 492159
d 267396 274720 259321
d 123130 78138 422104
d 199567 270619 1055295
d 91850 31164 686579
d 107912 241876 2099257
d 291858 19135 1104558
d 216433 2647 787514
d 174023 76958 637835
d 13931 212241 565237
d 5595 301533 939697
d 148688 44693 1454740
d 20492 101426 894066
d 289115 194145 1327854
d 300753 290760 172424
d 301413 164119 919214
d 130146 101973 1130711
d 206275 147517 1731048
d 318637 39215 1259333
d 162820 68189 565624
d 66199 302264 1187895
d 272579 185774 1388020
d 133370 86317 1683979
d 60401 225527 758487
d 241986 135219 1885645
d 148653 214544 2327597
d 89867 129484 1473036
d 298697 147851 1446232
d 311476 287750 1985484
d 215798 173189 1492400
d 106352 25181 1652813
d 240550 35585 511085
d 230073 227937 58570
d 139217 218142 2322772
d 40641 287143 1516326
d 31256 150594 1412131
d 131153 278905 692986
d 85383 217548 2452082
d 235666 34785 654702
d 1266 105593 1066415
d 232877 63347 902390
d 42851 135714 1179738
d 68644 136313 909454
d 28297 144595 1478461
d 201794 199969 103213
d 126797 205606 1864776
d 83035 178347 2037226
d 162414 38603 677794
d 320394 125568 327843
d 261368 249758 450661
d 204781 234958 537104
d 79433 281869 1974468
d 299084 315142 1027199
d 185578 150721 698075
d 182307 280193 1357863
d 315852 149343 535557
d 55658 293528 923002
d 37330 259795 334224
d 231576 241098 180125
d 263549 273008 1790163
d 57811 214608 850961
d 85031 141533 1663216
d 112502 36626 1655665
d 298062 61598 1063822
d 18023 138042 1614289
d 316291 15421 1311946
d 298602 125302 1273404
d 311109 312674 1667448
d 311259 146878 1077740
d 132958 50037 1236338
d 251615 95479 712882
d 217157 37015 900656
d 214395 140201 2006847
d 160212 94694 274488
d 131645 133733 132004
d 229670 254440 151108
d 137016 100549 1211714
d 267802 154848 977394
d 189640 170061 1387032
d 54563 267773 295340
d 23023 238126 510827
d 201618 211155 523951
d 295574 105374 352394
d 201001 18022 617556
d 237446 150596 2142654
d 290111 60564 957901
d 31718 292880 1228584
d 263224 192475 620757
d 218275 221206 401826
d 42978 259731 990458
d 55562 112473 1572262
d 87366 115755 1790424
d 231977 203102 491150
d 171596 121111 558180
d 300688 150390 1688448
d 45500 296261 914789
d 315913 145839 644876
d 38823 217820 1051215
d 276302 297056 625355
d 249974 301661 1763262
d 7556 244023 744428
d 156904 17172 1781223
d 83889 194628 1867576
d 33548 262140 1032542
d 300952 312122 1737687
d 308579 17220 1048606
d 281658 105539 755529
d 1302 209656 466842
d 254262 29044 430594
d 132280 141287 183646
d 217316 276161 1730578
d 111863 271667 1301464
d 138256 99949 1360478
d 189041 261607 1361591
d 166441 95250 382437
d 52676 144878 1071733
d 284820 123330 1548183
d 64489 280115 665223
d 68158 297392 937742
d 229223 125148 1760989
d 184454 183649 40206
d 130672 246810 2019887
d 213547 250139 379846
d 299146 272452 498030
d 312605 176133 1234721
d 181014 122986 851813
d 9792 76351 331347
d 240654 248686 115847
d 238469 195049 789426
d 90469 102075 580205
d 73236 67732 200013
d 106228 62282 1248940
d 22127 33685 297190
d 285352 102100 706303
d 238487 189217 892027
d 40638 61456 1350221
d 188624 48699 557622
d 120153 136248 375988
d 120326 298096 1498862
d 311637 250067 1262424
d 124694 57241 999778
d 251771 186221 1456576
d 154805 178549 826609
d 44048 180026 985295
d 154247 51202 1142406
d 254515 191187 190038
d 96226 191795 634502
d 131366 16929 1577978
d 178942 306186 524941
d 290189 112883 1662524
d 42756 232588 997661
d 223976 238496 435927
d 27658 137287 1764429
d 97726 278705 642240
d 182392 257613 1079042
d 230841 161500 772667
d 172101 254052 1148690
d 294715 126687 1377140
d 113488 313101 335124
d 172449 247025 1258643
d 9093 261857 1017628
d 192097 2422 714744
d 94029 49868 400920
d 170821 308456 555949
d 266144 143063 2214794
d 239868 86471 1421847
d 92313 106331 1625789
d 160192 319550 1219891
d 273439 202400 1122570
d 266171 129063 2148566
d 216177 182921 1375588
d 43088 124161 1014429
d 261198 22827 836147
d 134836 24817 1561147
d 38048 39277 62718
d 39216 107235 1791035
d 236902 319098 1715306
d 141227 115983 132028
d 210373 180966 1101379
d 127774 133252 176127
d 87642 309584 1778116
d 54064 183304 868804
d 272526 149850 949075
d 301521 318318 1607052
d 220897 81290 2177535
d 160063 260419 649237
d 238463 236252 64532
d 195019 59207 544137
d 148498 72277 1261637
d 200268 233636 588456
d 306080 105185 396715
d 49445 111034 1718999
d 37779 244788 437229
d 9833 188980 1087464
d 71131 250808 957491
d 153921 81456 1458156
d 92753 255182 907814
d 72434 45206 366582
d 259089 208721 775411
d 206817 290125 1250885
d 26512 187737 1042927
d 31381 264627 748662
d 103274 218961 1149399
d 298117 201297 1246342
d 142139 172243 742411
d 68231 263501 902309
d 6964 104297 476297
d 140421 150134 90862
d 187322 305389 1714758
d 192240 39181 699891
d 25682 305378 1312011
d 120172 57097 782143
d 178707 105089 1206689
d 256276 80236 2443681
d 30567 318820 1133035
d 36801 305500 1075619
d 212655 168316 793734
d 12571 167978 269646
d 299613 17526 1002225
d 208890 3261 591030
d 233812 106847 2277005
d 129550 258339 1931734
d 2618 299704 1099161
d 255963 153846 1806048
d 79351 256173 2051062
d 243427 147712 1736559
d 95459 128235 1562127
d 258213 171248 1371766
d 316611 293895 1047087
d 18926 279039 462994
d 216539 176888 1540208
d 208295 224211 524667
d 304747 59790 1008299
d 109150 61081 1335927
d 215426 161219 988919
d 111352 94077 1645887
d 170664 277511 1312896
d 106986 83691 1705037
d 121289 66249 1378846
d 23868 144862 1436682
d 85914 203073 1072107
d 69492 134993 1000715
d 3017 74918 421682
d 242160 271031 993267
d 270063 286757 722782
d 130599 257284 1914751
d 193088 128362 2062148
d 10596 72944 387007
d 295849 253040 1196858
d 218654 31176 753181
d 132569 81968 1456247
d 83719 61609 1310028
d 306517 188858 443508
d 49607 42443 206249
d 283150 179110 1995355
d 45983 15172 283413
d 78364 30120 2164075
d 260964 189603 1166870
d 120995 11099 1314180
d 83634 192741 2002344
d 173437 82846 1967541
d 111651 42305 1496279
d 190400 299098 1503778
d 163686 223436 1110903
d 280260 102896 325795
d 15308 236273 647160
d 45471 19858 662534
d 273763 252457 1363858
d 180364 118445 1083194
d 108594 166172 1696852
d 256727 113926 2411430
d 142486 146574 163833
d 53003 123250 1169114
d 123275 149104 231468
d 288888 49101 843415
d 109452 257168 2088226
d 202808 163909 297830
d 270448 158205 1302626
d 183896 280551 1179646
d 162075 246629 756039
d 23118 163540 449274
d 146137 317909 149779
d 283168 309546 2351254
d 237101 39108 563407
d 123079 26843 1610138
d 218917 170374 1205034
d 134424 157173 233800
d 172600 144979 582908
d 130510 17154 1589707
d 311674 248718 1184635
d 192254 30704 626743
d 182584 240147 1113581
d 142731 48560 1254377
d 193461 206278 88877
d 227318 171555 1203903
d 203022 137440 1910536
d 232977 178385 1067884
d 80082 240814 2354443
d 240121 135813 1942054
d 169223 104207 756051
d 270130 45194 552167
d 168804 234194 745173
d 81421 134433 1559082
d 58406 25650 766803
d 89767 266118 1167052
d 271865 164508 546487
d 179899 165777 1233698
d 254618 191670 225431
d 294568 110731 1848155
d 273626 277864 248283
d 139509 245926 1995101
d 149280 215555 2393234
d 236415 52996 860978
d 159996 149930 1739302
d 195485 95429 298550
d 15386 228306 633757
d 32342 130738 1527816
d 217619 195141 722654
d 161125 57489 500807
d 136209 154781 348354
d 203085 310286 1537187
d 285092 45665 966656
d 109519 95925 1868331
d 161486 51481 491574
d 31761 76235 576132
d 12191 219972 568306
d 311872 49056 1381606
d 184782 184135 122297
d 247050 116439 2316132
d 307648 47972 1417757
d 277345 51640 692068
d 152967 130934 306331
d 112987 14740 1742110
d 173909 210860 1195685
d 76546 280739 1025095
d 68448 108040 1161909
d 320760 208460 1404041
d 246558 162589 735642
d 237671 77774 2174717
d 108162 149424 163835
d 266821 140951 823705
d 1369 127002 1510361
d 263174 296837 1641998
d 111207 77248 1577909
d 36588 189175 480759
d 40166 96710 525268
d 266520 152430 2036082
d 272949 312920 606482
d 163879 246001 708013
d 306948 157147 992509
d 273292 42466 473771
d 10788 140688 1584003
d 257022 293935 1531246
d 156878 295176 1492234
d 138207 270006 1117704
d 75355 181016 577438
d 31298 52197 415461
d 37949 291574 1199844
d 242651 27067 647690
d 16217 43940 433867
d 272658 188271 1073647
d 279819 96249 739074
d 79304 32841 1618331
d 155142 169176 1667342
d 272862 314074 788335
d 75899 171754 606095
d 67067 13206 301656
d 18492 289582 1294742
d 31667 199087 700577
d 238282 307056 1058926
d 307572 212399 1097367
d 236432 31566 343511
d 180155 169187 1214214
d 275159 132563 746850
d 259188 87148 1115490
d 225112 93417 1324336
d 258679 181687 1229453
d 49828 230561 749333
d 125959 217248 2189228
d 248893 279249 1074686
d 17937 116947 1708912
d 298830 255708 1396587
d 24219 16275 99714
d 101607 159140 1141116
d 127995 300790 1765608
d 193695 138774 2002197
d 192209 263873 544060
d 296346 39344 1186521
d 245323 165406 650084
d 111841 116227 83751
d 231179 267930 1596168
d 53996 283216 1290698
d 268134 52272 288818
d 103847 27212 1105592
d 99259 99350 83546
d 292279 40707 1515891
d 67697 114791 1670445
d 247923 56611 1065427
d 81701 112855 1717186
d 125796 194431 1853246
d 86 285689 1715828
d 18190 23110 94417
d 187924 19828 920108
d 162065 215861 1265525
d 164765 31338 625369
d 119889 84363 1582934
d 132623 203678 1741423
d 22874 225937 900523
d 280875 217179 1986509
d 156387 189696 2144597
d 208951 49731 832040
d 306951 122832 1403032
d 63315 9119 445445
d 112145 279611 1294691
d 313749 71932 1230704
d 40712 104240 1033379
d 130359 136294 152912
d 274584 119342 787309
d 61344 294841 922112
d 177535 190270 1319070
d 301044 4196 882925
d 102629 254295 1300429
d 296087 22311 1039621
d 300093 2788 618423
d 101136 29368 1113064
d 155477 73790 804552
d 203715 101142 1104060
d 274014 263158 1733225
d 10663 284518 1186136
d 313734 103846 671426
d 8115 277178 929050
d 275277 56362 565029
d 87566 164562 449702
d 66176 48372 379964
d 58260 157045 1337567
d 119995 38517 1234835
d 231269 227837 129299
d 191477 232241 322115
d 105557 263996 1891742
d 36563 74411 541098
d 54091 125960 1142563
d 296590 285420 454333
d 196510 191186 329491
d 257917 277953 1544490
d 202860 26909 656922
d 88031 81803 1173228
d 31569 54881 628057
d 211625 307935 995151
d 135075 253596 1875185
d 256475 95695 922517
d 40414 98014 1904073
d 9712 230242 572797
d 3048 303496 714728
d 1161 55967 324572
d 58863 264925 1161759
d 320526 28366 1404146
d 172679 209795 1498868
d 259764 280002 1180597
d 241230 195433 854266
d 175205 270796 964158
d 155180 174531 843312
d 306322 80328 2512336
d 292253 8963 883932
d 38645 74032 540332
d 124671 74448 1115792
d 209565 66334 828970
d 24087 254335 431890
d 2340 211553 479369
d 161837 177055 1193902
d 180666 214636 1252660
d 292355 307232 2279689
d 311625 179135 406491
d 284255 135290 1692148
d 79408 119478 906010
d 106389 232850 1979894
d 11278 199853 454404
d 246900 154029 1505028
d 100437 134401 1170619
d 170030 170713 545094
d 41650 292898 1006902
d 13020 117397 1980497
d 98738 128891 1632156
d 32217 266904 925783
d 167072 282064 1030886
d 67765 274586 836117
d 95133 163966 320234
d 226280 306463 1046172
d 208225 77160 733338
d 193856 282746 1438561
d 237301 122271 1915133
d 49007 119120 1341486
d 3278 249594 851101
d 126607 270538 1003757
d 300530 197806 946294
d 147822 227978 1667580
d 58942 167832 438849
d 233818 164353 794672
d 269725 275376 306342
d 63234 296047 811034
d 311234 180167 319792
d 124186 83001 1268887
d 152376 316371 381746
d 133992 16313 1467828
d 285462 191677 1424924
d 124747 96638 1377571
d 175592 173145 64163
d 179186 56098 754122
d 307176 239952 958949
d 145728 53026 826801
d 32062 236392 325013
d 306804 66849 990179
d 229747 175893 1128673
d 158623 182086 1063425
d 68061 163792 638779
d 15965 140385 1667953
d 11942 320047 1194985
d 46820 155491 1340763
d 260343 277519 1655298
d 297893 268683 735349
