p res sp ss Radix
f ch9-1.1/inputs/USA-road-d/USA-road-d.BAY.gr ch9-1.1/inputs/USA-road-d/USA-road-d.BAY.p2p
g 321270 794830 1 94305
d 303493 38277 1155302
d 47547 106403 1411735
d 170986 7223 1058591
d 107970 13349 1660784
d 286154 199838 1100478
d 32498 301675 1373644
d 262446 276172 1671044
d 106931 105649 1340874
d 76126 304744 1350648
d 116572 196734 2165961
d 243389 194767 47469
d 84358 166016 1372137
d 83404 100949 497206
d 161785 195177 143822
d 132248 275840 781159
d 177681 41654 605282
d 87787 273117 816343
d 239877 138678 1994070
d 177840 278785 976529
d 140837 286539 1704943
d 227532 85424 2098849
d 150938 22682 1501437
d 188646 161874 1201902
d 201665 23719 675955
d 98768 106789 1815524
d 39863 16244 161841
d 6200 17823 207596
d 190454 225738 491667
d 59961 287515 976292
d 147887 132725 233506
d 133800 241388 1857798
d 105486 152713 1258277
d 27449 56420 358323
d 215391 66506 663451
d 137829 146085 96431
d 115067 281557 1820570
d 40173 145393 1410939
d 135445 50043 1267496
d 10421 104567 950651
d 268565 224483 1085556
d 252146 261462 413937
d 254000 240189 306474
d 196331 119380 1206654
d 263362 287401 1871865
d 196377 185049 1426286
d 253821 35873 296976
d 285367 230574 1733778
d 60412 141641 1236533
d 122229 41567 985599
d 166530 223002 819813
d 318942 34778 1138855
d 67003 223228 873730
d 16351 137226 1631888
d 309533 298513 1906876
d 46817 202880 597746
d 151505 172094 767609
d 276881 22338 887600
d 45894 260328 915639
d 176063 289775 1709469
d 242766 141921 1981202
d 116025 305968 1477875
d 183767 164531 1269394
d 17770 312065 1113284
d 130555 172106 793753
d 314334 239586 1886082
d 6364 316750 1073850
d 44330 16340 517572
d 314248 175217 1244487
d 320862 15644 1525976
d 42071 243854 915758
d 141624 232386 1954671
d 68572 184650 780335
d 140746 297341 1462410
d 248605 1284 323692
d 315148 224516 2046283
d 294333 178695 1533724
d 119840 215677 1875232
d 291437 100398 378694
d 209557 104444 1098822
d 293286 85119 590827
d 236143 24734 438355
d 112206 163143 1706929
d 77486 791 1659015
d 28980 262002 676601
d 142951 53951 1261306
d 26028 83690 1687849
d 192786 119748 1600096
d 143236 203245 1814995
d 10409 120978 1207937
d 198112 75227 887151
d 313058 209575 2149382
d 63850 318113 1020672
d 180754 120350 586242
d 172373 315047 887018
d 235767 244925 203895
d 85092 111397 1578853
d 249292 109103 2116632
d 157917 266379 2076652
d 295049 312182 1849922
d 265121 279697 1505236
d 268014 83155 1215445
d 276543 182819 1376782
d 25461 197249 758141
d 92385 238900 1146405
d 309753 316251 1463851
d 248305 261181 297029
d 278377 20881 1102817
d 216639 19572 371485
d 189325 46422 956298
d 123827 175170 646941
d 223545 184780 1285871
d 114951 129213 363214
d 80497 221509 2174092
d 50786 163868 523773
d 197071 237323 709033
d 34286 141411 1747473
d 234141 258357 173503
d 113093 248718 2101487
d 54456 113265 1503269
d 195668 87855 542021
d 97811 49716 503432
d 45465 3575 125045
d 228200 53868 826300
d 318760 168156 1135529
d 4844 306432 1153812
d 171278 256114 1143538
d 919 182625 1041710
d 120287 198557 1460636
d 33819 40478 1694735
d 242184 155259 1728138
d 166500 169969 1278182
d 48275 32717 661790
d 193505 300379 1215802
d 286386 4210 956345
d 5235 93271 334335
d 172831 82202 1970842
d 31075 254949 445485
d 112065 126836 359931
d 95792 24681 651285
d 288578 253968 1486212
d 115106 199122 1867336
d 34906 128760 1536437
d 39723 266967 759497
d 151550 283322 1825882
d 120947 8028 1180012
d 287538 151338 1601206
d 104535 121900 876161
d 152890 116590 710557
d 250029 264670 275414
d 21407 232853 456774
d 30645 214250 401406
d 306171 145066 1438225
d 111436 270439 1278353
d 153887 143822 439016
d 85865 222718 1386091
d 117746 296 1554988
d 174035 244772 1246343
d 196677 133429 1650109
d 55494 183898 1018949
d 226988 285984 1662223
d 161567 257230 943740
d 314065 301207 1108656
d 100276 223109 1654404
d 251790 269717 1020645
d 4117 106707 1811153
d 60438 181188 826417
d 207498 102023 1124460
d 149696 202397 1930706
d 90878 60799 664147
d 33916 314289 1455790
d 253041 13542 639062
d 271108 139656 1118334
d 75585 84640 1673009
d 52143 233476 817248
d 244059 169297 587787
d 224616 234133 476492
d 50633 63098 207831
d 95283 24405 667424
d 82603 159043 1662922
d 61976 10820 318203
d 71447 132144 1063118
d 300952 152745 1358699
d 179965 175942 171627
d 125960 184397 544163
d 123405 150184 196876
d 39693 260981 689706
d 106668 178225 983070
d 34753 249467 727358
d 190589 236896 261860
d 54281 285749 1154602
d 175092 136018 727858
d 172006 136944 799078
d 31928 226316 261711
d 69460 106385 1576641
d 221258 275680 1161357
d 110442 66696 1843438
d 274848 243453 1306656
d 220783 137642 1894496
d 74268 103809 911647
d 67063 98468 849986
d 218475 71089 753005
d 283499 86878 693426
d 8973 254169 667433
d 76971 233383 810259
d 284638 159207 1708281
d 299516 282180 485904
d 1089 6858 581773
d 130716 314770 480979
d 174708 197428 1562684
d 286127 307513 2130549
d 310162 15313 1126710
d 277367 275033 295481
d 131516 71315 1372751
d 2303 99976 1411465
d 275099 89242 790357
d 771 13068 626286
d 262930 308221 1490932
d 38524 298965 884821
d 29409 33620 415145
d 65910 147337 1219274
d 169061 167820 38445
d 214339 80600 2167334
d 287130 68855 1152227
d 157288 113605 836920
d 177904 61489 704636
d 11439 35424 273467
d 221211 269060 962819
d 223010 88757 1266226
d 189830 151384 2104767
d 267366 156040 946512
d 224446 11799 584375
d 129706 113094 269364
d 129523 187577 782635
d 63107 56625 364507
d 271072 240177 1024007
d 178877 137272 1193665
d 318024 305829 1130978
d 145711 70513 875336
d 300811 224482 1936679
d 180143 305360 1998729
d 305034 154606 1476989
d 80648 313748 889921
d 304110 168645 1064727
d 252582 236196 303084
d 199902 130575 1742229
d 262363 161452 1125788
d 258664 114471 2395625
d 164228 23628 619005
d 32669 224416 399909
d 41919 9436 673582
d 259665 295054 1559488
d 238500 6659 708526
d 42218 176514 820424
d 196816 43005 608576
d 63292 227979 941138
d 274321 17768 1087561
d 76509 79355 1317189
d 126574 139911 303644
d 286522 43802 902331
d 209577 236115 538865
d 61356 267607 353447
d 115640 152905 522272
d 219048 186479 912063
d 97259 132828 1456128
d 6979 95168 304494
d 300287 246884 1840970
d 125798 80384 1535238
d 170370 180788 166542
d 126445 223643 1593636
d 2790 280697 681327
d 217966 103655 1529397
d 209576 241542 494226
d 20271 171129 872427
d 161527 243441 696227
d 47884 104026 433597
d 92164 281259 665110
d 175006 284335 1815901
d 259943 198844 714603
d 136857 293433 1494164
d 11544 255565 291503
d 275563 104416 255019
d 241819 267315 1548732
d 207290 77358 1263711
d 15168 51956 308055
d 132361 121604 192406
d 249587 209289 603693
d 198654 264263 809248
d 38855 260802 496772
d 216010 114480 2551808
d 247935 269530 1147785
d 178618 145628 863783
d 304387 261852 2018471
d 73971 226271 921870
d 108174 140948 144027
d 261989 2798 879321
d 43776 296205 735809
d 98573 203450 626333
d 95358 162940 272198
d 195927 39816 690838
d 298456 291583 140199
d 165122 218855 730323
d 313757 232959 1800801
d 319563 204981 1506230
d 281408 18217 1215069
d 291368 10392 970498
d 24640 150401 1862685
d 236490 123461 1801568
d 96449 266177 1165244
d 313939 280230 650029
d 319585 29617 1371253
d 274682 120535 1051633
d 23684 179759 931566
d 81675 254991 2218257
d 27773 290105 1330475
d 238188 219175 221745
d 27337 294340 1353325
d 196613 91198 527669
d 215529 167549 973818
d 237141 110167 2391112
d 254836 222470 176954
d 66963 199891 700669
d 177138 42260 1040622
d 1070 141591 1717248
d 137593 148720 97331
d 72703 31015 112137
d 142764 128994 170168
d 89756 31609 907480
d 233808 175824 1125864
d 73331 98386 1149526
d 317191 227994 1915265
d 295341 161016 872217
d 185104 231743 738603
d 318609 148377 845219
d 299161 215055 1526897
d 48608 71919 260605
d 178306 37415 987555
d 47046 4624 129739
d 229519 273534 1313865
d 31692 23564 204291
d 65369 254141 717178
d 257732 209189 523764
d 276673 9644 744709
d 165147 121843 1455862
d 237881 169618 856409
d 200740 218426 620418
d 177152 77844 991540
d 172439 52995 930274
d 33698 165378 299837
d 158876 29223 1276885
d 86264 142260 1760831
d 11289 293784 1087112
d 139600 224040 1916208
d 310087 42818 1295392
d 207973 179967 1213887
d 83190 229243 2126448
d 167483 244988 616543
d 74139 22651 648338
d 165952 102206 809563
d 190287 124906 1928157
d 114980 289632 1879972
d 64753 287021 1070726
d 211358 86771 1827691
d 55566 286952 1114230
d 199239 235624 722541
d 191004 50129 678064
d 317992 36865 1482007
d 7185 191348 613991
d 263180 8875 1020773
d 208811 249514 555720
d 232344 163705 875494
d 37837 102343 844290
d 288937 49049 849842
d 64479 192004 933345
d 171730 89792 1523562
d 170207 301752 1732962
d 83553 161088 1432344
d 109634 236117 2353913
d 306645 41956 815117
d 111633 38384 1738541
d 171721 158894 376752
d 279566 84614 1220596
d 314963 231566 1982917
d 198503 84329 1396095
d 312252 47750 1320088
d 4127 187098 1215723
d 124007 69072 930701
d 301412 34700 1073754
d 301588 195532 1011793
d 215295 284630 2013190
d 104314 82646 1038901
d 210746 151549 1865978
d 282323 158562 1549717
d 187977 167273 927342
d 192742 202143 284441
d 275167 164237 796551
d 17612 121650 1410783
d 119012 211125 2005410
d 132388 235471 1903622
d 143353 179204 1049796
d 170567 79814 1751855
d 95808 200426 404155
d 154501 139805 388665
d 217680 318695 1525086
d 47880 94368 291456
d 37724 146224 1422312
d 61238 237899 929006
d 129332 276326 720379
d 226153 320606 1760267
d 300484 222330 1570847
d 259300 71869 828067
d 61441 299012 720831
d 40592 19120 1654429
d 120580 77021 1255293
d 281839 46168 865198
d 66206 215713 896120
d 79498 106737 502456
d 259443 43202 952397
d 204123 220590 445400
d 123527 61177 1034131
d 204464 202126 42673
d 140244 128814 217917
d 197339 270140 782823
d 15761 170760 701799
d 25134 299720 1085135
d 137241 254543 1925738
d 220667 319370 1548968
d 172957 269202 1054063
d 157419 90787 1655900
d 16441 30788 262556
d 144078 147853 229946
d 267250 259140 1493537
d 148499 117411 393416
d 14115 276559 837331
d 61290 254981 833511
d 137414 174749 835830
d 49830 203428 530958
d 313890 275905 656264
d 230040 298532 1571770
d 297269 129495 1389209
d 314826 187025 1403883
d 151312 103351 1126966
d 286808 288310 104553
d 277039 203808 1173205
d 113358 221861 2201824
d 160747 6629 272982
d 52664 34879 374143
d 116354 228851 2238007
d 263386 125139 2075495
d 281426 175091 1772411
d 59478 312704 1541645
d 18326 5149 239504
d 7059 115167 1490347
d 73427 231743 827219
d 125545 299653 1122338
d 183450 43403 1047930
d 94481 123390 1391624
d 148759 312141 1228342
d 181981 259551 1144739
d 183107 144140 927147
d 55276 320243 1230940
d 226639 177287 1193999
d 140998 240407 2090444
d 4971 251340 649565
d 231801 35405 387756
d 71121 11441 511613
d 284766 306987 2257419
d 255830 284888 1741355
d 126786 297655 1282072
d 208764 35321 665594
d 198977 254338 436443
d 113244 64491 1653038
d 23089 142735 1593474
d 53508 236959 838616
d 27022 270557 675125
d 82510 277325 1160652
d 16689 2012 381837
d 278895 1772 1169078
d 289981 320326 1253365
d 312494 70796 1248980
d 5236 147393 1354586
d 240914 169600 933482
d 120955 205088 1698861
d 54111 44252 167877
d 132582 212064 1745526
d 45657 32151 659508
d 146533 185338 1002846
d 11606 87380 596702
d 89435 86854 276194
d 116280 132181 356755
d 33180 150852 1362708
d 11523 26551 446255
d 81739 316225 1094523
d 206345 5145 673194
d 51827 21002 531326
d 117849 248000 2361277
d 138237 201019 1819201
d 34029 138991 1679352
d 220543 250122 337739
d 81089 169833 1941206
d 225593 261307 544302
d 214443 64432 843562
d 61739 246432 915784
d 263176 135599 2219191
d 169822 73685 605551
d 85649 305862 502671
d 131959 291640 1468991
d 304521 13911 1096396
d 103659 280444 312019
d 244850 25578 257794
d 317010 257528 1708140
d 314752 167841 1467845
d 75281 21509 595211
d 48403 120120 1093728
d 315485 69733 1132156
d 183893 277882 746488
d 238894 128323 2103019
d 164243 27867 616309
d 62464 59815 187057
d 101970 207009 1107103
d 100123 73301 509245
d 72060 75533 316052
d 22848 97504 744520
d 306515 309826 348364
d 102180 274634 359161
d 181306 193475 1462842
d 138320 207874 2036169
d 46807 84054 1094228
d 208795 315848 1627111
d 232487 262117 319446
d 96350 44953 230930
d 263064 307570 1508829
d 193655 197800 353441
d 221381 28153 620403
d 295674 32567 1207224
d 3156 60226 261262
d 65339 37334 447914
d 52715 219076 653172
d 120871 63690 856613
d 3469 269982 430894
d 215412 245796 253542
d 290763 305485 280166
d 117115 393 1768655
d 116415 293856 1511902
d 158506 247731 2045833
d 136205 262969 2108332
d 107779 280830 982541
d 289628 248119 1647039
d 168818 117845 1933806
d 320904 297774 1278732
d 195485 315040 1530020
d 205776 66519 978385
d 182217 99938 1748765
d 105596 85733 571430
d 30604 250400 542440
d 233269 120438 1510934
d 45597 273177 607044
d 312031 2954 1281755
d 304130 159771 1573844
d 34811 173285 1022246
d 179390 304686 1888385
d 292643 135597 1485711
d 250740 230890 263108
d 268202 88070 547830
d 287510 123814 1526430
d 69618 69913 62868
d 46578 131978 1248664
d 24841 75098 648229
d 78100 47108 1573521
d 248170 129805 1919893
d 168883 133772 1483619
d 31603 275013 962576
d 129495 120731 723580
d 156393 236713 2074789
d 164701 220924 781927
d 118282 125298 378715
d 76034 16098 142697
d 72029 51551 113939
d 228719 99880 1744992
d 306770 147306 1228060
d 16971 144644 1368708
d 301263 67917 1099954
d 194567 217145 751536
d 41051 307676 1046857
d 233005 142608 1797969
d 41421 68298 512661
d 271455 315463 775648
d 268964 151950 1008685
d 232475 186348 1178138
d 261155 74698 1270314
d 126498 205479 1822627
d 116942 175874 1128980
d 281782 320857 1513290
d 200416 65472 681196
d 170851 8917 1079962
d 311228 24854 1100011
d 155370 64980 1380075
d 180350 96642 1613098
d 312836 159100 594794
d 260838 266428 447762
d 105226 258453 1453663
d 47457 212372 824683
d 84507 147329 1465658
d 246074 184447 1434900
d 88516 153255 1606304
d 142338 257499 1973644
d 51343 302387 1150930
d 319534 197800 1308445
d 123027 143364 215014
d 144310 202248 1689876
d 307567 296369 1866470
d 107872 178342 982729
d 276906 18700 868575
d 295926 249342 1446611
d 171564 135557 671744
d 190220 313758 1842249
d 269053 40727 1089190
d 161013 29084 620167
d 152835 106140 442578
d 259144 117766 2164377
d 176609 1991 631997
d 126178 169133 1440747
d 253343 198420 421334
d 154593 316423 444132
d 175914 189328 360427
d 159994 103673 766106
d 180640 223694 1146681
d 154459 191615 1580409
d 148867 231890 2030056
d 18907 107880 1653192
d 141955 129048 163376
d 19299 301662 1297293
d 50949 271386 260479
d 115794 198201 1926167
d 295109 83383 641108
d 14995 178945 686369
d 124027 9634 1318546
d 315954 270657 875550
d 83664 146772 1560401
d 231452 51659 902676
d 201822 307376 1556201
d 136425 1596 1509203
d 118447 65896 1665617
d 109052 316542 509800
d 140954 254664 1977073
d 206807 273396 1206264
d 311230 318476 1053918
d 186604 230352 1124654
d 141639 125078 226715
d 77417 292963 1858903
d 103401 176220 1226333
d 124581 139427 251402
d 37410 218180 761914
d 167461 197892 170449
d 25417 79189 1868962
d 271253 212132 1105046
d 211464 215218 397577
d 211389 286779 2015226
d 318008 579 1148542
d 236330 24254 496279
d 144962 312612 636775
d 172033 283945 2013325
d 296619 237052 1392378
d 126454 205364 1766064
d 64120 119723 634755
d 198498 277185 1248913
d 21244 284962 1661904
d 88907 286494 756583
d 103276 175242 1275354
d 118868 73102 1664525
d 70105 134943 991952
d 156537 312868 519407
d 320461 217016 2105333
d 108852 155352 129002
d 264619 132749 2055774
d 29144 151837 1489334
d 56895 119454 476877
d 318845 147675 657154
d 240290 69930 965443
d 215212 175046 1395372
d 296320 319574 1269102
d 260331 196467 743989
d 269437 284072 944217
d 5904 287610 917562
d 224904 71530 747184
d 295252 50942 768186
d 319110 197134 1481174
d 83532 30191 1822323
d 199554 145002 1607975
d 249572 312553 2261186
d 256051 209628 419377
d 310072 130847 1276044
d 54514 130606 1309711
d 7695 190597 559655
d 254385 75680 945090
d 9140 251602 694119
d 213482 55533 792785
d 204332 151769 1678423
d 29109 284773 1561436
d 54768 284838 1199411
d 177540 223029 1217932
d 303696 186935 1883854
d 115626 203304 2044024
d 299056 35427 1072390
d 207735 219911 377696
d 297825 256302 1648511
d 51631 149945 1368389
d 299335 96352 646037
d 188431 257945 880445
d 124418 22113 1465729
d 83175 219852 1999237
d 2406 169976 955319
d 42656 287147 705543
d 107544 73453 1629735
d 255396 186096 1180179
d 167286 203444 296555
d 121242 22333 1490338
d 279586 146567 1033514
d 44169 105913 1298355
d 261387 119132 2656161
d 192390 135658 1942404
d 123929 260596 1718997
d 268437 263252 1410923
d 90332 5417 456817
d 89904 61680 671599
d 234262 312914 2145405
d 106761 181260 1309514
d 319237 294109 1024161
d 243271 92654 939736
d 84085 98953 2626767
d 1706 281351 1513277
d 46787 5487 157483
d 25698 53735 546584
d 132032 200710 1902085
d 211649 285860 1716127
d 277176 228096 1586278
d 293623 62846 886901
d 130508 187620 854667
d 259839 34816 378464
d 19150 102151 876476
d 241065 258660 66789
d 119504 156671 845202
d 312996 212890 2257410
d 34790 154684 1686653
d 80760 298493 784593
d 273206 108376 848671
d 229832 189220 797290
d 16628 85221 1629332
d 95226 143499 1527829
d 40492 134058 876895
d 110939 9518 1865190
d 313436 77962 576661
d 58146 197774 637439
d 139307 108255 195542
d 26217 134508 1561284
d 301380 319810 1239315
d 149159 246194 2096248
d 78412 135518 432264
d 289694 126653 1426497
d 176836 140582 903879
d 51667 273050 477254
d 110746 185002 1502198
d 166847 125361 1394309
d 288672 39322 1205282
d 105740 252616 1327857
d 114335 82427 1758363
d 227587 194051 276488
d 496 72257 304998
d 199882 302658 1114646
d 211911 194 463138
d 214393 99842 1774973
d 133066 65654 1308387
d 10827 155017 1326420
d 146197 5527 1328896
d 76482 96569 532909
d 288239 79303 1777464
d 289111 253517 1451828
d 257360 233705 150582
d 184033 177361 239469
d 97500 149081 1686289
d 63179 196173 710520
d 18517 246871 495373
d 88718 39733 1046772
d 307816 154506 1028767
d 99974 40249 1272090
d 31020 290642 973544
d 45103 206816 660073
d 271661 155562 1142653
d 244212 202841 357766
d 4946 158352 1509895
d 109315 228319 2090000
d 276577 7283 712903
d 249566 49689 880874
d 276178 203014 1113848
d 114031 313846 1006035
d 73663 273623 826516
d 95164 277589 1227677
d 11095 287780 970488
d 303959 219448 1305917
d 306625 288030 2008378
d 202397 263469 795974
d 215615 191542 681969
d 75849 299986 846482
d 262058 312356 1655340
d 13329 79273 1987551
d 64420 273019 688459
d 97024 19629 774189
d 1075 78055 1908313
d 162856 68176 571099
d 252305 107637 2255352
d 234776 3292 777798
d 306154 170004 677547
d 57765 106926 1488858
d 19227 165948 485617
d 84748 256449 2197687
d 103212 153902 1111987
d 148980 280390 925179
d 269071 92091 451154
d 371 240185 812029
d 106448 98948 1996225
d 45661 129101 1234668
d 19140 137543 1625428
d 203222 120987 1624790
d 291450 90162 608125
d 229508 319894 1716423
d 89384 12073 466520
d 261815 173350 1593871
d 37578 115767 1729562
d 303123 261676 2119970
d 127012 21089 1219414
d 40746 210417 2177304
d 144110 155314 463288
d 203678 250751 214700
d 67511 137426 1490895
d 319678 202893 1486337
d 113223 234262 2141253
d 265507 318056 2098304
d 182692 230849 1076418
d 196435 131940 1705464
d 97703 80526 1347644
d 296227 141636 1544942
d 177839 135960 771478
d 43602 282084 738314
d 116474 66943 1857825
d 234565 204010 521088
d 65632 212241 627752
d 133361 85751 1589530
d 266543 33765 869273
d 22601 200352 585670
d 229988 294440 1597542
d 13514 24107 192941
d 49378 276028 529381
d 114202 33126 1788430
d 298305 298006 265333
d 263045 304087 1989074
d 212153 216293 342883
d 170165 77419 1100223
d 61441 277985 877767
d 192792 299882 1193171
d 14400 82322 1647852
d 271454 4322 399043
d 115327 74342 1170375
d 14951 14179 71058
d 261078 76727 1257634
d 70759 311743 1140355
d 246054 137748 2002522
d 11005 3207 184040
d 5933 220326 617555
d 111497 163135 1759691
d 162859 255930 726697
d 109736 243461 2434876
d 230985 145798 1406009
d 90045 297402 368781
d 81913 4053 1801892
d 244011 52179 871998
d 170327 246987 1348280
d 316455 248837 1870577
d 45862 49400 84739
d 307987 87224 1945410
d 179542 258405 928024
d 63292 81684 1566359
d 304212 122769 1080820
d 91580 110771 1875045
d 245582 74355 902589
d 320945 231011 1642153
d 297310 56207 765946
d 50019 234519 834022
d 160416 218159 1197412
d 229716 212782 376767
d 58048 81642 1438765
d 281586 260141 1465974
d 184879 255757 1354774
d 26191 291934 1143580
d 111372 284948 1882970
d 165779 320455 1283490
d 227529 44360 879834
d 53413 39983 343009
d 235206 8804 501561
d 299990 10863 776736
d 193207 133242 1944726
d 56447 55207 129238
d 254039 272035 1082069
d 58987 206069 847459
d 81436 234364 2181092
d 37313 89837 745578
d 300319 180647 1740778
d 93752 299630 683818
d 92990 102244 666682
d 82092 154129 1577512
d 83692 36929 1848695
d 270933 267590 706062
d 80891 305731 561417
d 151191 86212 1867166
d 228574 54314 765008
d 289384 58423 970866
d 263854 193899 622848
d 275671 318048 641683
d 183321 35943 1019902
d 169615 33718 308204
d 282644 66998 945877
d 140804 4713 1506920
d 302554 69285 1128476
d 190473 228292 304230
d 56565 106554 1865249
d 124310 122219 198197
d 18804 286530 1219525
d 187753 51463 918626
d 35723 114465 2106640
d 318879 66524 1080824
d 270401 4731 366239
d 287048 219696 1513604
d 263413 115447 2361552
d 146677 274030 1086420
d 36715 199393 736224
d 122358 54424 1153608
d 94203 60351 584767
d 233898 154820 1619278
d 90356 289200 476390
d 26467 173455 1029369
d 244133 120987 1577813
d 255997 139853 1893039
d 25574 93513 825467
d 188566 81032 2277588
d 297241 145915 1352012
d 82172 181060 2088975
d 69240 209926 1485768
d 309482 289033 2053516
d 305496 280505 920396
d 156673 147901 377016
d 101957 309204 1602105
d 35044 26138 129091
d 81332 86458 1273459
d 170897 117314 1126558
d 210414 221497 78907
d 15468 132916 1442858
d 94311 1984 904354
d 174445 112968 978984
d 161250 18741 512159
d 4148 257631 429692
d 174538 319920 877011
d 245626 97482 1064421
d 273399 212939 1433250
d 36321 277631 1166001
d 228632 190350 328174
d 36503 30149 52435
d 138582 163319 1509882
d 4778 227160 670898
d 47467 309150 1423479
d 254597 106740 2035436
d 200043 129749 1692305
d 107149 27974 1909774
d 15151 223897 408029
d 266254 5649 1128332
d 293073 246997 1406030
d 120460 116164 668852
d 233285 194010 318293
d 26221 143981 1226261
d 321165 110916 782067
d 146288 171018 509327
d 244584 173634 1241512
d 14570 249575 697939
d 166316 2427 773945
d 87604 36789 986941
d 75699 282762 1042136
d 235348 215943 310833
d 195391 272675 815481
d 227662 169341 692755
d 218404 225038 423121
d 8081 208308 573927
d 86639 317417 1547480
d 320744 61875 946926
d 177796 20478 749898
d 46337 244611 894628
d 152535 29840 1573097
d 135500 179741 790409
d 86986 265164 1565529
d 99194 170900 1014802
d 175472 140632 889966
d 173995 262032 1592946
d 271320 80119 1281382
d 73340 49786 673661
