Long-C.1.0,1048576,4063200,4.273523733599999
Long-C.4.0,1048576,4063200,3.8408196251999995
Long-C.10.0,1048576,4063200,4.0561622751
Long-C.9.0,1048576,4063200,4.1521309016000005
Long-C.0.0,1048576,4063200,9.865040801100001
Long-C.15.0,1048576,4063200,3.7631980129
Long-C.13.0,1048576,4063200,3.7713099152
Long-C.7.0,1048576,4063200,3.8046460110999996
Long-C.14.0,1048576,4063200,3.8610785691000005
Long-C.12.0,1048576,4063200,3.9295846818999998
Long-C.11.0,1048576,4063200,3.9532026541
Long-C.6.0,1048576,4063200,4.1848619025
Long-C.5.0,1048576,4063200,4.028466022000001
Long-C.8.0,1048576,4063200,3.8067751280000004
Long-C.2.0,1048576,4063200,3.8175220101000003
Long-C.3.0,1048576,4063200,3.8149835907
