instance,numOfVertices,numOfEdges,averageTime
Long-C.1.0,1048576,4063200,3.0665474171000002
Long-C.4.0,1048576,4063200,4.3801440332
Long-C.10.0,1048576,4063200,4.3744681655
Long-C.9.0,1048576,4063200,4.953196976399999
Long-C.0.0,1048576,4063200,3.9305363746
Long-C.15.0,1048576,4063200,4.976429603500001
Long-C.13.0,1048576,4063200,5.105624794700001
Long-C.7.0,1048576,4063200,5.124868423800001
Long-C.14.0,1048576,4063200,5.2269900184
Long-C.12.0,1048576,4063200,4.6516842613
Long-C.11.0,1048576,4063200,4.4235605102
Long-C.6.0,1048576,4063200,4.4973693677
Long-C.5.0,1048576,4063200,4.3962255610000005
Long-C.8.0,1048576,4063200,4.6348998230000005
Long-C.2.0,1048576,4063200,3.3973400792999997
Long-C.3.0,1048576,4063200,3.6393615422000005
