Long-n.18.0,262144,1015776,1.0030134357968747
Long-n.15.0,32768,126944,0.13808131437500004
Long-n.14.0,16384,63456,0.07006021960693357
Long-n.12.0,4096,15840,0.01916970109606926
Long-n.16.0,65536,253920,0.2530183016074219
Long-n.13.0,8192,31712,0.034180515568359465
Long-n.17.0,131072,507872,0.4992651029765624
Long-n.11.0,2048,7904,0.006739046195129407
Long-n.19.0,524288,2031584,2.054096214953125
Long-n.20.0,1048576,4063200,4.050094930625
Long-n.21.0,2097152,8126432,7.6875122860625
Long-n.10.0,1024,3936,0.003253763585510288
