instance,numOfVertices,numOfEdges,averageTime
Long-C.1.0,1048576,4063200,3.2592949384
Long-C.4.0,1048576,4063200,2.8508118824999995
Long-C.10.0,1048576,4063200,3.0942756949999994
Long-C.9.0,1048576,4063200,2.8783225192
Long-C.0.0,1048576,4063200,2.8246673227999994
Long-C.15.0,1048576,4063200,2.9853217751
Long-C.13.0,1048576,4063200,2.9047445857999996
Long-C.7.0,1048576,4063200,2.9893058414
Long-C.14.0,1048576,4063200,2.9476868598
Long-C.12.0,1048576,4063200,2.8955461981
Long-C.11.0,1048576,4063200,2.973222333
Long-C.6.0,1048576,4063200,2.9890251285
Long-C.5.0,1048576,4063200,3.0255668247999994
Long-C.8.0,1048576,4063200,2.9407601475000003
Long-C.2.0,1048576,4063200,2.9615033531000003
Long-C.3.0,1048576,4063200,2.9649265757
