instance,numOfVertices,numOfEdges,averageTime
Random4-C.0.0,1048576,4194299,NaN
Random4-C.14.0,1048576,4194299,6.2920630960000015
Random4-C.13.0,1048576,4194300,6.121547350099999
Random4-C.10.0,1048576,4194298,6.5338419083999995
Random4-C.9.0,1048576,4194297,10.905075133299999
Random4-C.8.0,1048576,4194304,6.285543970699999
Random4-C.11.0,1048576,4194302,5.959883075
Random4-C.12.0,1048576,4194302,6.181190995700001
Random4-C.4.0,1048576,4194302,100.701237833
Random4-C.5.0,1048576,4194299,30.697419479249998
Random4-C.6.0,1048576,4194299,12.52623888025
Random4-C.2.0,1048576,4194302,NaN
Random4-C.3.0,1048576,4194303,321.236012459
Random4-C.7.0,1048576,4194301,7.679365549999998
Random4-C.1.0,1048576,4194300,NaN
Random4-C.15.0,1048576,4194302,5.9968268084
