instance,numOfVertices,numOfEdges,averageTime
Random4-C.0.0,1048576,4194299,5.993001857099999
Random4-C.14.0,1048576,4194299,10.9672073849
Random4-C.13.0,1048576,4194300,9.535771383600002
Random4-C.10.0,1048576,4194298,9.5888398415
Random4-C.9.0,1048576,4194297,9.6093305429
Random4-C.8.0,1048576,4194304,9.620586130200001
Random4-C.11.0,1048576,4194302,9.657148033799999
Random4-C.12.0,1048576,4194302,9.7099866553
Random4-C.4.0,1048576,4194302,8.810325354400002
Random4-C.5.0,1048576,4194299,9.009424348900001
Random4-C.6.0,1048576,4194299,9.5105805461
Random4-C.2.0,1048576,4194302,6.8870371192999995
Random4-C.3.0,1048576,4194303,7.333559062099999
Random4-C.7.0,1048576,4194301,9.4321750153
Random4-C.1.0,1048576,4194300,6.1360902814
Random4-C.15.0,1048576,4194302,9.875517558099999
