instance,numOfVertices,numOfEdges,averageTime
Random4-C.0.0,1048576,4194299,1418.924096878
Random4-C.14.0,1048576,4194299,10.7951398996
Random4-C.13.0,1048576,4194300,11.1560014625
Random4-C.10.0,1048576,4194298,10.518975519700001
Random4-C.9.0,1048576,4194297,8.6379646055
Random4-C.8.0,1048576,4194304,7.322049617500001
Random4-C.11.0,1048576,4194302,10.9868409866
Random4-C.12.0,1048576,4194302,11.362825133700003
Random4-C.4.0,1048576,4194302,27.0620971887
Random4-C.5.0,1048576,4194299,11.915803606
Random4-C.6.0,1048576,4194299,7.831039433800001
Random4-C.2.0,1048576,4194302,273.4612754638
Random4-C.3.0,1048576,4194303,74.6806018208
Random4-C.7.0,1048576,4194301,6.4001441915
Random4-C.1.0,1048576,4194300,805.6558545390001
Random4-C.15.0,1048576,4194302,10.801080030000001
