instance,numOfVertices,numOfEdges,averageTime
Square-C.15.0,1048576,4190208,4.5274520561
Square-C.3.0,1048576,4190208,4.1334390483
Square-C.4.0,1048576,4190208,4.5456477132
Square-C.8.0,1048576,4190208,4.3962876316
Square-C.6.0,1048576,4190208,4.746003175999999
Square-C.10.0,1048576,4190208,4.1549110858
Square-C.2.0,1048576,4190208,4.3015504529
Square-C.12.0,1048576,4190208,4.2189905591
Square-C.0.0,1048576,4190208,4.228685969599999
Square-C.11.0,1048576,4190208,4.4775055756
Square-C.13.0,1048576,4190208,4.390935638
Square-C.1.0,1048576,4190208,4.1759861284
Square-C.7.0,1048576,4190208,4.5741419757
Square-C.9.0,1048576,4190208,4.680477289300001
Square-C.14.0,1048576,4190208,4.5410292833999994
Square-C.5.0,1048576,4190208,4.5877804178999995
